500 321.6 262.8 238.1 218.7 204.2
600 226.1 215 209.6 203.8 203.3
700 224.6 226.8 225.2 230.1 225.6
800 264.8 273.8 266.5 268.9 272.5
900 309.8 298.6 310.7 306.3 299.1
1000 338.5 340.4 339 340.5 343.2
1100 373.2 373.2 384.7 383.9 379.5
1200 419.9 421.3 419 420.1 422.5
1300 462 459.5 447.2 456.6 457
1400 495.7 493.5 491.1 488.5 490.5
1500 525.4 532.3 533.6 532.6 531.6
1600 570.9 570.2 564.7 564.5 564.9
1700 617.6 608 608.6 606.9 606.4
1800 641.5 640.9 642.3 644 642.2
1900 681.7 699.8 699.7 697.7 689.7
2000 702.9 707 708.3 706 701.7
2100 741.2 740.7 744.5 705.9 735.7
2200 788.1 786.4 786.4 784.7 785.7
2300 838.1 846.9 848 850.7 836.6
2400 861.6 866.2 863.8 867.2 879.8
2500 919.5 918.7 917.6 919.3 919.8
2600 952.4 954.7 953.4 947.7 946.6
2700 998.5 1011.8 987.6 989.2 994.7
2800 1022.2 1019.8 1021.2 1020.5 1020.4
2900 1061.7 1063.5 1060.4 1057.8 1058.7
3000 1096.8 1100.7 1098.4 1094.5 1096.3
3100 1145.7 1154.2 1155.7 1154 1150.2
3200 1186.8 1189.2 1187.6 1190.8 1195
3300 1216.9 1219 1218.9 1219.5 1215.9
3400 1256.2 1255 1272.3 1248.9 1253.2
3500 1295.7 1305.7 1300.6 1299.9 1299.4
3600 1339.5 1343.4 1342.7 1346.3 1325.3
3700 1398.8 1375.6 1373.1 1367.6 1365.8
3800 1413.9 1406.9 1420.1 1410.5 1418.6
3900 1433 1440.1 1466.5 1414.4 1440
4000 1471.7 1486.7 1495.5 1492.4 1519.1
4100 1510.8 1509.9 1472.2 1502.7 1502.8
4200 1545.9 1547.1 1550.9 1552.8 1543
4300 1643.5 1670.2 1601.4 1560 1589.4
4400 1655.4 1649.6 1651.5 1647.6 1647.9
4500 1713.7 1717.8 1679.1 1687 1739.2
4600 1728.2 1747.9 1729.5 1734.5 1724
4700 1767.2 1760 1767.3 1769.6 1759.6
4800 1799.1 1801.2 1784.5 1810.5 1807
4900 1857.6 1852.4 1851.6 1847 1858.5
5000 1915.8 1897.7 1918.5 1917.8 1894.4
5100 1967.6 1946.5 1946.4 1937.1 1927.5
5200 1971.4 1966.5 1957.1 2019.1 2003.1
5300 2048.2 2140.2 2019.2 1992.8 2041.2
5400 2048.3 2047.3 2040.4 2040.4 2056.4
5500 2101.8 2099.4 2115.5 2133.5 2117.8
5600 2094.3 2096.5 2100.1 2110.8 2159.7
5700 2175.6 2249.9 2215.8 2194.4 2228.9
5800 2224.1 2206.4 2203.6 2206.2 2212.8
5900 2249.4 2250.7 2254.7 2237 2239.3
6000 2298.6 2300.1 2308.8 2298.7 2282.2
6100 2354.9 2335.8 2355.7 2355.7 2324.3
6200 2381.4 2364 2359.4 2359.4 2358.9
6300 2403.3 2412.5 2409 2406.4 2432.2
6400 2537.3 2491.7 2487.8 2486.3 2481.5
6500 2525.4 2505.9 2509.1 2506.4 2506.6
6600 2554.8 2549.3 2606.8 2541.8 2526.7
6700 2594 2616 2584.2 2573.1 2559.5
6800 2604.9 2607 2613.1 2599.1 2608.2
6900 2668.8 2693.4 2645.9 2648.1 2645.6
7000 2683.2 2685.3 2680.5 2686 2683.8
7100 2753.9 2733.5 2729.5 2730.4 2729.2
7200 2769.9 2764.5 2800.3 2761 2760.8
7300 2832.1 2844.4 2860 2796.6 2796.4
7400 2854.7 2828.5 2833.5 2832.1 2828.5
7500 2914.6 3024.9 2857.2 2889.3 2890.8
7600 2920 2902.4 2902.9 2917.4 2901.5
7700 2933.6 2936 2939.3 2940 2942.1
7800 2970.5 2973.4 2971.9 2972.9 2973.2
7900 3038.1 3300 3038 3010.6 3014.1
8000 3034.6 3038.3 3039.6 3045.3 3031.9
8100 3078.8 3066.8 3102.4 3092.6 3112.7
8200 3109.9 3111.3 3107.7 3101.6 3109
8300 3180.3 3146.6 3147.9 3231.9 3367.6
8400 3329.7 3402.6 3342.1 3311.3 3285.2
8500 3304.3 3291.9 3309.9 3298.7 3310.3
8600 3320 3352.5 3354.1 3334.8 3313.3
8700 3363.5 3366.8 3363.4 3364.6 3360.6
8800 3442.3 3420.1 3389.1 3402.6 3400.1
8900 3494.3 3448 3442.2 3443.2 3466
9000 3535.2 3506.3 3535.9 3544.7 3565.6
9100 3614.5 3654.4 3551.3 3502 3562.4
9200 3589.6 3607.2 3605.6 3562.7 3555.4
9300 3617.7 3618 3610 3607.1 3640.6
9400 3650.4 3648.2 3658.8 3650.3 3653.4
9500 4274.9 3832.5 3893.4 3729.5 3713.7
9600 3826.1 3732.6 3729.3 3741 3739.4
9700 3777.2 3779.9 3810 3830.8 3865.4
9800 3826.2 3908.8 3885.8 3818.3 3813.9
9900 3891 3848.2 3858.7 3846.1 3845.9
10000 3943.6 3914.5 3949.5 5356.9 3895.5
