500 409.2 313 302.8 244.8 231.9
600 259.5 244.7 232.1 225.1 218.5
700 252.2 252.3 251.5 255.9 253.5
800 299 291 302.6 295 301.1
900 337.8 348.2 338.3 347.9 347.3
1000 377.4 375.3 375.6 378.6 384.2
1100 431.2 432.3 431.8 431.4 434.5
1200 475.7 473.3 475.7 476.5 477.7
1300 520.2 521.5 497.5 520.1 517
1400 559 559.9 559.2 560.6 558.6
1500 603.8 603.1 601.8 602.2 602.1
1600 647 651.8 652.2 652.5 652
1700 698.3 695.3 688.6 689.5 690
1800 733.2 734.2 734.9 734.2 739.1
1900 779.2 782.7 783.5 780 777.8
2000 808.9 810.4 809.9 807.5 806.3
2100 852.5 852.5 852.3 848.9 839.4
2200 899.4 902.4 906.1 902.3 902.9
2300 950.8 965.4 961.6 966.4 961.9
2400 998.7 998.4 999.3 999.4 962.7
2500 1047.8 1049.1 1050.1 1045.7 1044.9
2600 1091 1089.7 1087.3 1092.8 1093.1
2700 1135.8 1138.8 1138.8 1140.8 1147.7
2800 1161.5 1177.5 1178.6 1177 1178.8
2900 1227.6 1241.8 1224.4 1220.3 1221.7
3000 1268 1264.3 1266.1 1263.2 1266.7
3100 1311.3 1314.6 1314.7 1313 1310.4
3200 1355.1 1354.7 1357.6 1357.5 1357.5
3300 1408 1409.1 1407.4 1409 1407.8
3400 1452 1452.3 1442.1 1450.2 1440.8
3500 1494.8 1496.1 1502.6 1503.3 1504.6
3600 1550.7 1550.2 1549.3 1543.3 1476.7
3700 1694.2 1565.9 1590.4 1587.2 1578.9
3800 1626.9 1618.3 1629.3 1638 1625.5
3900 1674.5 1675.7 1636.5 1660.8 1669.5
4000 1663 1726.4 1716.1 1722.2 1772
4100 1750.5 1758.9 1740.9 1747.6 1790
4200 1810.2 1820.8 1802.2 1799.3 1796.8
4300 1891 1910.6 1861.5 1859 1861.3
4400 1940.8 1869.1 1924.5 1898.2 1894.7
4500 1968.7 1968.9 1961.1 1969.2 2010.4
4600 2024.4 1942.9 2005.7 1971.9 2014.6
4700 2057.6 2054.7 2041.3 2032.8 2048.7
4800 2102.2 2103.9 2060.6 2090 2098.6
4900 2138.5 2137.9 2144.1 2138.9 2124.9
5000 2201.2 2186.5 2198.8 2195.7 2198.1
5100 2243.3 2239.5 2259.3 2280.4 2245.5
5200 2297.7 2285 2282.8 2285.2 2286.2
5300 2357.6 2357.2 2333.9 2304.5 2354.7
5400 2391 2382.6 2380 2375.4 3014.4
5500 2433.6 2447.7 2444.4 2455.9 2409.9
5600 2445.2 2450.3 2443.9 2446.1 2589.5
5700 2514.8 2580.3 2560.2 2528.9 2567.1
5800 2567.9 2560.8 2564.7 2568.7 2605.8
5900 2606 2607.3 2610.9 2616.2 2611.8
6000 2650.9 2647.3 2660.9 2650.4 2647
6100 2696.5 2746.6 2710.3 2702.6 2703.6
6200 2752.8 2757.3 2740.9 2735.5 2734.9
6300 2788.5 2798.4 2805.9 2802 2805.4
6400 2886.5 2862.7 2851.4 2852.8 2856.2
6500 2915.6 2910.7 2908.1 2928.2 2912.1
6600 2957.2 2960.6 2979.9 2976.1 2948.2
6700 3004 3010.5 3026.6 2995.3 2987.5
6800 3032.4 3036.1 3033.7 3032 3038.7
6900 3097.3 3129.2 3096.2 3090.4 3084.3
7000 3135.5 3132.2 3128.5 3132.7 3135.8
7100 3187.3 3184.5 3175.5 3172.4 3171
7200 3219.4 3226.2 3224.1 3220.1 3215.2
7300 3320.4 3327.8 3319.6 3265.1 3310.3
7400 3338.2 3327.1 3308.8 3309.9 3309.1
7500 3360 4056.5 3356.1 3352.5 3348.7
7600 3416.8 3398.8 3386.4 3386 3392.2
7700 3437.2 3433.4 3432.7 3429.6 3426.6
7800 3480.9 3496 3480.9 3485.5 3482.8
7900 3527.1 3527.4 3539.4 3526.9 3527
8000 3549 3560.8 3552.8 3553.3 3555.2
8100 3614.7 3588.8 3596.3 3602.5 3624.1
8200 3641.9 3639.6 3667.6 3630.4 3639
8300 3743.4 3693.1 3693.4 3710.5 3843
8400 3804.1 3780.5 3885.2 3904.7 3834.2
8500 3865.8 3863.2 3866.2 3814.6 3816.4
8600 3882.3 3903.9 3875.6 3881.3 3882.1
8700 3960.1 3932 3929 3930.7 3928.6
8800 3999 3997.8 3990.2 3985 3985.5
8900 4045.3 4059.8 4029.7 4027.5 4076.6
9000 4083.2 4091.4 4082.7 4089 4122
9100 4206.8 4247.5 4098.7 4122.9 4104.1
9200 4217.3 4250.4 4183.1 4173 4171
9300 4223.2 4227.2 4224.8 4234.4 4219.1
9400 4279.1 4271.6 4274.3 4276.5 4271.9
9500 4386.8 4468.2 5197.1 4356.2 4387.2
9600 4497.5 4376.1 4382.9 4370.8 4365
9700 4423.1 4455.8 4422.1 4490.9 4455.9
9800 4488 4511.8 4511.4 4483.7 4467.6
9900 4528.3 4520 4514.1 4504.3 4521.5
10000 4570.1 4584 4621.7 4615.7 4546.5
