500 309.5 256.6 237.1 221 200.5
600 228.9 215.8 209.8 206.3 197.2
700 231.5 229.5 232.6 237.6 240.1
800 279.2 268.9 274.7 275.1 267.2
900 307.4 318.6 310.2 309.2 315.8
1000 350.3 348.9 350.3 350.8 342.9
1100 392.9 393.3 393.7 394.1 398.1
1200 431.9 432.1 432.3 433.1 431.6
1300 471.7 475.7 468.7 470 470.8
1400 508.6 516.2 509.9 511.8 510.2
1500 549.8 546.3 546 548.8 547.3
1600 588.7 592.4 592.6 594.1 594.7
1700 637.6 626.2 626.9 639.8 627
1800 661.7 661.7 661.9 665.3 666.6
1900 697 699.1 700.2 699.3 696.3
2000 735.8 736.3 734.5 733.6 733.4
2100 774 773.9 773 741.2 774.5
2200 818.7 813.1 812.8 814 815.3
2300 875.2 875.3 885.1 888.7 866.1
2400 897.5 899.3 898.4 898.7 921.5
2500 954.6 950 947.7 949.9 947.9
2600 990.9 989.8 992.3 987 983.1
2700 1038.2 1043.1 1030.1 1031.5 1038.1
2800 1062.2 1063.9 1060.7 1064.1 1062.7
2900 1120.4 1101.8 1101.4 1101.9 1104.3
3000 1141.1 1141.3 1138.9 1141 1141.2
3100 1190 1193.3 1189.6 1188.8 1189.3
3200 1229.6 1233 1226.9 1226.3 1229.2
3300 1264.6 1264.9 1265.6 1266 1265.7
3400 1302.7 1235.7 1311.9 3719.9 1301.6
3500 1353.2 1355.3 1363.2 1364.5 1360.9
3600 1391.6 1394.2 1389.3 1407 1394.4
3700 1453.9 1450.1 1434.9 1419.8 1422.1
3800 1464.8 1467.4 1464.7 1455.5 1484.4
3900 1511.3 1508.2 1515.5 1504.3 1506.6
4000 1571.7 1551.6 1572.3 1537 1547.2
4100 1590.9 1571.5 1590.2 1585 1578.3
4200 1637.9 1626.8 1629.4 1629.2 1628.3
4300 1672.9 1682.7 1678.5 1676 1665.2
4400 1718.4 1715.5 1718.5 1716.7 1694.4
4500 1737.2 1766.8 1770 1759.9 1759.6
4600 1807.7 1810.1 1810.2 1808 1820.1
4700 1825.9 1845.7 1843.2 1854.4 1849.9
4800 1879.3 1910.4 1880.8 1880.2 1889.2
4900 1939.2 1929.2 1943.3 1930.6 1936.7
5000 2120.6 1984.4 1980.4 1991.9 2007.2
5100 2037.5 2029.1 2032.3 2025.7 2018.9
5200 2076.9 2071.9 2066.9 2080.9 2069
5300 2115.5 2109.2 2105.9 2113.8 2143.5
5400 2153.3 2137.5 2133.3 2127.8 2173.9
5500 2186.7 2213.1 2297.5 2223.9 2204.7
5600 2219.3 2222 2224 2940.3 2227.8
5700 2310.2 2303.8 2291.7 2323.4 2340.7
5800 2315.6 2313.5 2315.3 3615.3 2317
5900 2347.9 2353.8 2371.2 2369.1 2350.7
6000 2416.4 2420.9 2404 2390 2394.3
6100 2472.8 2442.5 2459.5 2447.8 2430.4
6200 2484.2 2469.8 2462.2 2465.2 2463.2
6300 2519.5 2550.6 2543 2549.5 2556.7
6400 2643.4 2586.1 2583.4 2585.2 2571.5
6500 2640.5 2632.9 2633.9 2615.3 2660.8
6600 2679.5 2667 2698.4 2666.3 2662.4
6700 2702.6 2724.8 2702.4 2702.7 2679.4
6800 2724.7 2729.6 2724.2 2731.3 2735.1
6900 2817.7 2801.3 2772.5 2773.6 2774.2
7000 2817.8 2812 2814.5 2818.6 2816.1
7100 2902.9 2858.5 2853.8 2853.3 2853.4
7200 2903.4 2901.7 2902.9 2891.4 2893.5
7300 2944.8 2982.4 2962 2967.5 2918.8
7400 3016.3 2988 2970.7 2962.4 2964
7500 3045.8 3022.1 3026 3051.7 3057.4
7600 3042.9 3039.4 3040.4 3040.3 3037.1
7700 3082.7 3082.4 3107.9 3085.5 3104.6
7800 3123.2 3130.5 3125.3 3129.1 3130.4
7900 3187.1 3229.6 3158.3 3210.5 3208.3
8000 3230.4 3190 3190.4 3214.1 3207.8
8100 3247.4 3260.7 3251.1 3260.3 3255.5
8200 3280.2 3267 3267.2 3262.6 3270.4
8300 3333.9 3306.5 3320.8 3317.1 3409.5
8400 3421 3526.2 3497.6 3476.6 3466.1
8500 3478.1 3469.6 3533 3443.3 3456.1
8600 3493.7 3509.2 3505.7 3479.4 3478.2
8700 3527.2 3526.7 3529.6 3531.2 3524.4
8800 3694.7 3583 3580.9 3585 3612.4
8900 3636.6 3649.2 3636.6 3632.9 3647.2
9000 3697.8 3677.6 3719.2 3720.1 3696.4
9100 3786.3 3729.3 3727.7 3687.2 3723.7
9200 3831.2 3759.1 3871.8 3778 3782.8
9300 3797.7 3813.2 3808.3 3794.4 3838.1
9400 3847.1 3843.5 3881.7 3842.9 3841.7
9500 4136.5 4118 3978.6 3916.3 3929.4
9600 3976.6 3972.5 3955.9 3928.8 3932.3
9700 3992.6 3983.5 3993.2 4041.4 4012.4
9800 4032 4077.7 4120.9 4027.7 4039.7
9900 4116.1 4098.7 4067.5 4054 4052.3
10000 4143.8 4156.3 4159.6 4118.5 4093.8
