500 420.5
600 236.8
700 232.3
800 270.5
900 319.9
1000 349.6
1100 392.1
1200 432
1300 474.5
1400 510.4
1500 550.1
1600 591.7
1700 628.3
1800 661.3
1900 698.8
2000 734.7
2100 775.9
2200 818.8
2300 856.4
2400 895.8
2500 948.1
2600 984.6
2700 1036.1
2800 1013.8
2900 1103.6
3000 1148.1
3100 1186.7
3200 1227.5
3300 1262.2
3400 1302.2
3500 1352.1
3600 1404.5
3700 3852
3800 1446.5
3900 1504.9
4000 1480
4100 1596.6
4200 1622.7
4300 1678.5
4400 1746.9
4500 1777.9
4600 1842
4700 1860
4800 1889.2
4900 1928.2
5000 1932.6
5100 1998
5200 2080.2
5300 2120.1
5400 2153.5
5500 2215.8
5600 2215.9
5700 2283.4
5800 2335.1
5900 2374.5
6000 2421.3
6100 2439
6200 2493.6
6300 2518.9
6400 2573.5
6500 2614.9
6600 2644.2
6700 2708.6
6800 2733.7
6900 2777.3
7000 2806.8
7100 2885.2
7200 2914.6
7300 2967
7400 3019.7
7500 3012.6
7600 3070.3
7700 3085.3
7800 3135.4
7900 3185.6
8000 3208.5
8100 3228.5
8200 3309.1
8300 3321.3
8400 3387
8500 3468.3
8600 3489.9
8700 3532.7
8800 3578.6
8900 3620.3
9000 3692
9100 3761.9
9200 3765.3
9300 3820.5
9400 3906.1
9500 3916.2
9600 4304.6
9700 3981.9
9800 4030.9
9900 4339.6
10000 4210.3
