500 469.9
600 236.1
700 225.4
800 270.2
900 301.9
1000 333.7
1100 380.7
1200 423.2
1300 456
1400 493.5
1500 529.5
1600 571.6
1700 601.1
1800 636.4
1900 675.7
2000 704
2100 741.1
2200 791.2
2300 825.5
2400 866.5
2500 922.2
2600 955.7
2700 990.2
2800 1021.7
2900 1063.3
3000 1101.2
3100 1142.4
3200 1184.3
3300 1214.3
3400 1249.7
3500 1286
3600 1341.4
3700 1391.7
3800 1405
3900 1455.3
4000 1485.6
4100 1520
4200 1561.3
4300 1595
4400 1670.1
4500 1722.6
4600 1753.8
4700 1794.8
4800 1801.5
4900 1834.3
5000 1899.7
5100 1928.5
5200 1970.4
5300 2020.2
5400 2057.6
5500 2125
5600 2095.4
5700 2190.6
5800 2226.6
5900 2254.8
6000 2301
6100 2334.7
6200 2384
6300 2406
6400 2461.4
6500 2495.2
6600 2527.3
6700 2597.1
6800 2598.4
6900 2644.9
7000 2671
7100 2725.2
7200 2756.1
7300 2801
7400 2845.1
7500 2882.9
7600 2913.4
7700 2952.2
7800 2977.3
7900 3014.5
8000 3047.3
8100 3068.5
8200 3113.9
8300 3158.7
8400 3258.7
8500 3322
8600 3322
8700 3359.9
8800 3394.9
8900 3438.8
9000 3563.3
9100 3564.8
9200 3578.8
9300 3631.7
9400 3683.5
9500 3697
9600 3761.2
9700 3789.3
9800 3812.6
9900 3968.2
10000 3951.4
