500 585.6
600 270.8
700 256.8
800 290.9
900 344.9
1000 387.5
1100 431
1200 474.7
1300 508.4
1400 559.6
1500 606.3
1600 649.3
1700 693.8
1800 732.3
1900 775.2
2000 810.8
2100 856.5
2200 896.4
2300 951.1
2400 1000.1
2500 1047.1
2600 1088
2700 1138.7
2800 1187.1
2900 1225.9
3000 1272.4
3100 1316.3
3200 1358.8
3300 1404.1
3400 1446.4
3500 1490.8
3600 1559
3700 1580.1
3800 1633.2
3900 1667.6
4000 1724.2
4100 1796.5
4200 1820
4300 1854.1
4400 1910.1
4500 1957.9
4600 2030
4700 2048.4
4800 2082.1
4900 2150.4
5000 2189.1
5100 2245.1
5200 2285.3
5300 2336.8
5400 2391.7
5500 2438
5600 2455.3
5700 2514.7
5800 2591.4
5900 2615.8
6000 2658.9
6100 2712.8
6200 2763.3
6300 2795.7
6400 2856.8
6500 2893.4
6600 2941.3
6700 2984.4
6800 3038.8
6900 3081.7
7000 3118.3
7100 3171.1
7200 3217.3
7300 3257.3
7400 3313.3
7500 3355.5
7600 3394.7
7700 3475.6
7800 3487.1
7900 3527.3
8000 3562.4
8100 3599.1
8200 3649.5
8300 3714.3
8400 3817.2
8500 3892.1
8600 3877.7
8700 3935.2
8800 3991
8900 4032.9
9000 4136.1
9100 4121.8
9200 4172.9
9300 4225.5
9400 4368.6
9500 4361.1
9600 4397.9
9700 4422.4
9800 4473.8
9900 4589.9
10000 4674.1
